workspace: C:\Users\USER\Desktop\弹性刻度\刻度\
uTsum: 3925 4175
vTsum: 3850 4070
wTsum: 3675 3900
HalfVelocity(mm/ns): 0.420000 0.435000 0.445000 
w_offset: -0.83 
RotateAngle: 0.0 
xy_energy_offset1: 1.06 0.81 
xy_energy_offset2: 1.06 0.81 
xy_angle_offset1: 0.10 -0.00 
xy_angle_offset2: 0.10 -0.00 
Tsum_step(ch): 0 10000 10
Postion_step(mm): -60.0 60.0 0.2 
Radius_step(mm): 0.0 60.0 0.2 
Phi_step(degree): 0.0 360.0 4.0 
Tdiff_step(ns): -500.0 500.0 1.0 
E0(eV): 618.000
Energy_shift(eV): -0.830
E_step(eV): 0.125 35.125 0.250
E12_min_max: 293.0 307.0
Phi12_min_max: 0.0 180.0 180.0 360.0
Azimuth_angle_step: -149.5 149.5 1.0
True_coincidence_gate(ns): -4.0 4.0
Accidental_coincidence_gate(ns): 5.0 10.0
NO_of_States: 4
state1: 15.76 0.00 7.50
state2: 15.76 5.00 10.00
state3: 15.76 10.00 15.00
state4: 15.76 0.00 40.00

Energy_calibration_for_uv_uw_vw 90
Angle_0.0~4.0: 0.000000 0.000000 0.000000 0.000000 0.000000 0.000000 0.000000 0.000000 0.000000
Angle_4.0~8.0: 0.000000 0.000000 0.000000 0.000000 0.000000 0.000000 0.000000 0.000000 0.000000
Angle_8.0~12.0: 0.000000 0.000000 0.000000 0.000000 0.000000 0.000000 0.000000 0.000000 0.000000
Angle_12.0~16.0: 0.000000 0.000000 0.000000 0.000000 0.000000 0.000000 0.000000 0.000000 0.000000
Angle_16.0~20.0: 0.000000 0.000000 0.000000 0.000000 0.000000 0.000000 317.385751 -0.499327 -0.001657
Angle_20.0~24.0: 321.164044 -0.722417 0.001523 321.369402 -0.689127 0.000782 321.032930 -0.708901 0.001305
Angle_24.0~28.0: 320.907351 -0.707151 0.001329 321.211546 -0.684806 0.000747 320.901015 -0.705093 0.001293
Angle_28.0~32.0: 321.140164 -0.720686 0.001531 321.159177 -0.693068 0.000947 321.216001 -0.723965 0.001566
Angle_32.0~36.0: 321.377916 -0.730447 0.001634 321.659672 -0.738655 0.001729 321.368994 -0.729881 0.001620
Angle_36.0~40.0: 321.293251 -0.720276 0.001427 321.154628 -0.711637 0.001328 321.399418 -0.726485 0.001511
Angle_40.0~44.0: 321.188713 -0.714060 0.001339 320.829441 -0.692983 0.000995 321.246314 -0.717776 0.001409
Angle_44.0~48.0: 321.011082 -0.708235 0.001283 320.916913 -0.703325 0.001143 321.074936 -0.711004 0.001345
Angle_48.0~52.0: 320.872450 -0.699896 0.001106 320.610940 -0.682972 0.000758 321.121116 -0.715662 0.001401
Angle_52.0~56.0: 320.686781 -0.687156 0.000835 320.441139 -0.677711 0.000663 321.057375 -0.707421 0.001180
Angle_56.0~60.0: 320.331881 -0.665405 0.000480 319.873977 -0.638841 -0.000008 320.867691 -0.697269 0.001050
Angle_60.0~64.0: 320.163473 -0.652477 0.000210 319.718944 -0.629990 -0.000192 320.673867 -0.678637 0.000689
Angle_64.0~68.0: 320.037289 -0.646860 0.000110 319.746872 -0.632281 -0.000156 320.510672 -0.668145 0.000472
Angle_68.0~72.0: 320.180264 -0.661592 0.000334 319.995073 -0.650846 0.000120 320.382002 -0.670735 0.000578
Angle_72.0~76.0: 319.867424 -0.647967 0.000134 319.904764 -0.649287 0.000085 320.362214 -0.681274 0.000840
Angle_76.0~80.0: 319.788595 -0.641208 -0.000069 319.605142 -0.630417 -0.000271 320.420779 -0.685715 0.000897
Angle_80.0~84.0: 319.932112 -0.657473 0.000229 319.899573 -0.653736 0.000110 320.581747 -0.692441 0.000938
Angle_84.0~88.0: 319.969225 -0.665607 0.000389 319.872843 -0.659541 0.000280 321.030070 -0.728114 0.001564
Angle_88.0~92.0: 320.046898 -0.675696 0.000563 320.055875 -0.674735 0.000542 321.222214 -0.741039 0.001739
Angle_92.0~96.0: 319.954962 -0.672852 0.000516 320.141599 -0.682643 0.000669 321.195780 -0.738291 0.001641
Angle_96.0~100.0: 320.222914 -0.695170 0.000892 320.211897 -0.691641 0.000851 320.603584 -0.705940 0.001181
Angle_100.0~104.0: 320.435737 -0.713660 0.001167 320.438478 -0.709001 0.001126 320.507867 -0.704044 0.001174
Angle_104.0~108.0: 320.444519 -0.717917 0.001262 320.390160 -0.711899 0.001214 320.303033 -0.703169 0.001262
Angle_108.0~112.0: 320.428042 -0.720304 0.001351 320.663239 -0.736313 0.001680 321.055523 -0.763790 0.002259
Angle_112.0~116.0: 320.680751 -0.742516 0.001770 320.820642 -0.747753 0.001880 320.989039 -0.754174 0.002026
Angle_116.0~120.0: 320.557801 -0.739973 0.001811 320.833924 -0.753261 0.002022 321.257707 -0.776506 0.002403
Angle_120.0~124.0: 320.663428 -0.747250 0.001968 320.735233 -0.746739 0.001955 320.934351 -0.752414 0.002014
Angle_124.0~128.0: 320.812932 -0.758193 0.002178 320.965572 -0.758865 0.002150 320.903741 -0.749114 0.001978
Angle_128.0~132.0: 320.936827 -0.768752 0.002438 320.873218 -0.755101 0.002124 320.818540 -0.747635 0.001970
Angle_132.0~136.0: 321.024200 -0.770155 0.002479 320.537237 -0.737875 0.001954 320.373241 -0.725827 0.001746
Angle_136.0~140.0: 321.109771 -0.767959 0.002407 319.991566 -0.699853 0.001351 319.775296 -0.686523 0.001138
Angle_140.0~144.0: 321.663445 -0.789788 0.002641 319.967230 -0.692125 0.001136 319.705196 -0.677938 0.000927
Angle_144.0~148.0: 322.334593 -0.809644 0.002761 320.087809 -0.696522 0.001154 319.722220 -0.676377 0.000864
Angle_148.0~152.0: 322.610480 -0.802338 0.002447 319.871971 -0.682993 0.000940 320.041877 -0.695461 0.001147
Angle_152.0~156.0: 321.248886 -0.704525 0.000947 319.567349 -0.666753 0.000731 319.759795 -0.672928 0.000781
Angle_156.0~160.0: 320.867963 -0.679861 0.000640 319.524559 -0.671878 0.000881 319.906013 -0.680889 0.000926
Angle_160.0~164.0: 320.375881 -0.652651 0.000350 319.778135 -0.695217 0.001252 319.796667 -0.675174 0.000869
Angle_164.0~168.0: 319.836933 -0.625712 0.000059 320.753215 -0.764081 0.002283 319.890922 -0.681853 0.000971
Angle_168.0~172.0: 319.879302 -0.634486 0.000228 320.947974 -0.773338 0.002327 320.426963 -0.715725 0.001461
Angle_172.0~176.0: 316.384522 -0.443521 -0.002388 316.407801 -0.503292 -0.001647 320.664899 -0.727372 0.001604
Angle_176.0~180.0: 0.000000 0.000000 0.000000 0.000000 0.000000 0.000000 324.727512 -0.931644 0.004165
Angle_180.0~184.0: 0.000000 0.000000 0.000000 0.000000 0.000000 0.000000 0.000000 0.000000 0.000000
Angle_184.0~188.0: 0.000000 0.000000 0.000000 0.000000 0.000000 0.000000 0.000000 0.000000 0.000000
Angle_188.0~192.0: 0.000000 0.000000 0.000000 0.000000 0.000000 0.000000 0.000000 0.000000 0.000000
Angle_192.0~196.0: 325.523173 -1.087695 0.008471 0.000000 0.000000 0.000000 321.166073 -0.720404 0.000552
Angle_196.0~200.0: 319.644420 -0.665861 0.000881 318.258097 -0.587724 -0.000594 316.816957 -0.500350 -0.001566
Angle_200.0~204.0: 319.461793 -0.655887 0.000690 319.720919 -0.703911 0.001396 319.390028 -0.655317 0.000686
Angle_204.0~208.0: 319.429480 -0.660486 0.000850 319.645100 -0.708779 0.001616 319.495353 -0.664988 0.000892
Angle_208.0~212.0: 319.460118 -0.668178 0.001014 319.479673 -0.703639 0.001620 319.419689 -0.664087 0.000936
Angle_212.0~216.0: 319.465931 -0.674577 0.001174 319.344428 -0.695898 0.001539 319.562737 -0.675849 0.001162
Angle_216.0~220.0: 319.596275 -0.689263 0.001484 319.297683 -0.691905 0.001516 319.641350 -0.686236 0.001411
Angle_220.0~224.0: 319.427565 -0.680179 0.001354 319.691280 -0.721018 0.002051 319.405188 -0.672338 0.001216
Angle_224.0~228.0: 319.612117 -0.691377 0.001508 319.506573 -0.706103 0.001838 319.536848 -0.679593 0.001308
Angle_228.0~232.0: 319.514892 -0.682550 0.001354 319.229272 -0.677922 0.001336 319.713497 -0.688849 0.001426
Angle_232.0~236.0: 319.593122 -0.688316 0.001488 319.525239 -0.693286 0.001615 319.652603 -0.686238 0.001424
Angle_236.0~240.0: 319.803104 -0.703028 0.001749 319.965129 -0.721300 0.002117 319.613851 -0.684267 0.001382
Angle_240.0~244.0: 319.894167 -0.708391 0.001840 320.061146 -0.725773 0.002200 319.633249 -0.684881 0.001386
Angle_244.0~248.0: 319.852871 -0.706652 0.001852 319.908327 -0.712459 0.001998 319.951843 -0.711350 0.001872
Angle_248.0~252.0: 319.887211 -0.706207 0.001871 319.982494 -0.714758 0.002058 319.673492 -0.687684 0.001484
Angle_252.0~256.0: 319.868251 -0.703473 0.001853 319.881590 -0.706609 0.001955 319.941334 -0.703127 0.001730
Angle_256.0~260.0: 319.996221 -0.710677 0.001994 320.098103 -0.718587 0.002152 319.656920 -0.684166 0.001457
Angle_260.0~264.0: 320.047316 -0.713419 0.002065 320.077730 -0.715266 0.002106 319.776953 -0.694527 0.001682
Angle_264.0~268.0: 320.009231 -0.708105 0.001989 320.066669 -0.712341 0.002073 319.914881 -0.702850 0.001831
Angle_268.0~272.0: 320.252332 -0.723165 0.002254 320.250957 -0.722760 0.002244 320.058524 -0.708532 0.001922
Angle_272.0~276.0: 320.390593 -0.731495 0.002396 320.334126 -0.728664 0.002358 319.960894 -0.702937 0.001866
Angle_276.0~280.0: 320.347602 -0.728276 0.002356 320.304091 -0.724181 0.002266 319.979866 -0.700550 0.001784
Angle_280.0~284.0: 320.389598 -0.729383 0.002362 320.325535 -0.725315 0.002276 320.078094 -0.709649 0.001959
Angle_284.0~288.0: 320.056064 -0.708126 0.002026 319.955563 -0.703499 0.001955 319.774997 -0.692929 0.001750
Angle_288.0~292.0: 319.937520 -0.700287 0.001890 320.085937 -0.709110 0.001986 320.483361 -0.735757 0.002355
Angle_292.0~296.0: 320.318445 -0.730199 0.002348 320.397193 -0.731170 0.002302 320.371329 -0.724808 0.002128
Angle_296.0~300.0: 320.192749 -0.724131 0.002211 319.921365 -0.706885 0.001945 319.772022 -0.693314 0.001699
Angle_300.0~304.0: 320.375145 -0.736291 0.002366 319.978060 -0.703870 0.001816 319.708293 -0.682019 0.001444
Angle_304.0~308.0: 320.440499 -0.741624 0.002410 320.608866 -0.747660 0.002504 320.603509 -0.745626 0.002485
Angle_308.0~312.0: 320.503500 -0.748372 0.002485 320.517581 -0.748842 0.002577 320.394531 -0.739969 0.002473
Angle_312.0~316.0: 320.303197 -0.741180 0.002403 319.856718 -0.706473 0.001920 319.852576 -0.703211 0.001897
Angle_316.0~320.0: 320.571946 -0.762313 0.002695 320.431262 -0.745310 0.002619 320.515508 -0.745266 0.002643
Angle_320.0~324.0: 320.848259 -0.777022 0.002793 320.793741 -0.759884 0.002766 320.841624 -0.756304 0.002685
Angle_324.0~328.0: 321.138242 -0.796268 0.003055 320.943286 -0.759982 0.002641 321.048868 -0.760767 0.002608
Angle_328.0~332.0: 321.409079 -0.819127 0.003422 321.243010 -0.771364 0.002725 321.429313 -0.780671 0.002841
Angle_332.0~336.0: 321.330233 -0.809823 0.003214 321.495560 -0.781434 0.002844 321.726087 -0.794846 0.003004
Angle_336.0~340.0: 321.212451 -0.796512 0.002890 321.862485 -0.797792 0.003050 321.740915 -0.794268 0.002981
Angle_340.0~344.0: 320.686036 -0.759031 0.002271 321.692801 -0.781623 0.002815 321.633957 -0.780163 0.002696
Angle_344.0~348.0: 320.953127 -0.771763 0.002468 321.317545 -0.742024 0.002073 320.725988 -0.708851 0.001433
Angle_348.0~352.0: 320.892175 -0.753651 0.002053 320.579487 -0.683696 0.001083 320.826919 -0.718687 0.001630
Angle_352.0~356.0: 321.235755 -0.769154 0.002304 321.442526 -0.743238 0.002097 0.000000 0.000000 0.000000
Angle_356.0~360.0: 0.000000 0.000000 0.000000 0.000000 0.000000 0.000000 0.000000 0.000000 0.000000

Analysis_Mode: 2
NO.ofFiles: 8
File: C:\Users\USER\Desktop\弹性刻度\刻度\20220301_Ar_293
Name: 20220301_Ar_293  -0.000
File: C:\Users\USER\Desktop\弹性刻度\刻度\20220301_Ar_295
Name: 20220301_Ar_295  -0.000
File: C:\Users\USER\Desktop\弹性刻度\刻度\20220301_Ar_297
Name: 20220301_Ar_297  -0.000
File: C:\Users\USER\Desktop\弹性刻度\刻度\20220301_Ar_299
Name: 20220301_Ar_299  -0.000
File: C:\Users\USER\Desktop\弹性刻度\刻度\20220301_Ar_301
Name: 20220301_Ar_301  -0.000
File: C:\Users\USER\Desktop\弹性刻度\刻度\20220301_Ar_303
Name: 20220301_Ar_303  -0.000
File: C:\Users\USER\Desktop\弹性刻度\刻度\20220301_Ar_305
Name: 20220301_Ar_305  -0.000
File: C:\Users\USER\Desktop\弹性刻度\刻度\20220301_Ar_307
Name: 20220301_Ar_307  -0.000
Elastic_energy: 293.00 295.00 297.00 299.00 301.00 303.00 305.00 307.00
